SCS1201 10
17000001 66
17000002 54
17000003 37
17000004 51
17000005 78
17000006 75
17000007 50
17000008 27
17000009 70
17000010 62
SCS1202 15
17000001 35
17000002 76
17000003 47
17000004 65
17000005 47
17000006 54
17000007 81
17000008 40
17000009 40
17000010 35
17000011 27
17000012 29
17000013 35
17000014 48
17000015 55
SCS1203 20
17000001 57
17000002 84
17000003 59
17000004 74
17000005 77
17000006 68
17000007 83
17000008 72
17000009 41
17000010 73
17000011 41
17000012 49
17000013 54
17000014 50
17000015 67
17000016 47
17000017 53
17000018 72
17000019 85
17000020 66